10  |  2
__________
0   | 0
1   | 1
2   | 10
3   | 11 
4   | 100
5   | 101
6   | 110
7   | 111
8   | 1000
9   | 1001
10  | 1010
11  | 1011
12  | 1100
13  | 1101
14  | 1110
15  | 1111
16  | 10000
32  | 100000
64  | 1000000
128 | 10000000
256 | 100000000






155 : 2 = 77  | 1
77 : 2 = 38   | 1
38 : 2 = 19   | 0
19 : 2 = 9    | 1
9 : 2 = 4     | 1
4 : 2 = 2     | 0
2 : 2 = 1     | 0
1 : 2 = 0     | 1 

155 = 10011011
___________________________

30265 : 2 = 15132 | 1
15132 : 2 = 7566  | 0
7566 : 2 = 3783   | 0
3783 : 2 = 1891   | 1
1891 : 2 = 945    | 1
945 : 2 = 472     | 1
472 : 2 = 236     | 0
236 : 2 = 118     | 0
118 : 2 = 64      | 0
64 : 2 = 32       | 0
32 : 2 = 16       | 0
16 : 2 = 8        | 0
8 : 2 = 4         | 0
4 : 2 = 2         | 0
2 : 2 = 1         | 0
1 : 2 = 0         | 1

30265 = 1000000000111001
__________________________

254 : 2 = 127 | 0
127 : 2 = 63  | 1
63 : 2= 31    | 1
31 : 2 = 15   | 1
15 : 2 = 7    | 1 
7 : 2 = 3     | 1
3 : 2 = 1     | 1
1 : 2 = 0     | 1

254 = 11111110
__________________________


256 : 2 = 128 | 0 
128 : 2 = 64  | 0
64 : 2 = 32   | 0
32 : 2 = 16   | 0
16 : 2 = 8    | 0
8 : 2 = 4     | 0
4 : 2 = 2     | 0
2 : 2 = 1     | 0
1 : 2 = 0     | 1

256 = 100000000